100
279 86 8210868 10910709
429 41 1506334 98177408
987 590 6319376 86566449
262 904 1488686 62211320
373 5 4972960 79237532
383 324 7703167 62690569
235 506 3488526 28092524
262 853 6038393 79384720
69 984 6885361 38053681
780 339 2171622 31085850
737 476 5352536 67299771
440 8 498021 97928672
769 859 5959162 51144266
451 580 7194019 39185237
590 259 4237535 3077883
266 639 1331181 56357845
127 443 9490917 84200170
212 904 9434503 28133372
955 478 7553183 72027786
432 845 1528382 23763706
958 85 2535812 75855328
167 198 5488990 80924711
167 253 825732 66566507
681 193 3012677 63966643
643 746 6919779 19170290
47 477 9642541 22276219
360 27 6860567 44959862
63 886 4033657 62668073
325 353 8547768 28249771
93 698 3882927 71655026
703 787 5956498 10766349
107 840 8504018 32827829
784 78 836648 7019963
25 355 5001135 79595680
784 95 3697598 90898180
820 361 8653500 94899737
44 318 6862505 16901360
907 392 6182403 13608355
613 933 1276476 27908578
468 636 2898921 51418412
561 471 3000203 4518782
180 649 9406950 47530322
568 228 3298922 87998794
358 120 2978650 25903990
406 464 7291381 66801425
794 78 5599880 27903434
159 473 6267733 27079163
956 35 363042 36329259
909 376 2843695 17385187
196 619 1491438 99996847
227 434 6118438 22255893
538 456 695545 20108393
324 16 6042821 75618549
599 678 6439859 54366132
395 217 1970243 64609442
695 582 8000088 55512160
274 694 7332776 58235195
573 224 1085520 47705854
591 158 5481034 44165513
566 63 201628 80995176
472 182 9340856 53522787
844 609 3417700 82791611
69 94 4180382 36986178
239 160 1616625 9208830
343 39 7422171 99921466
510 773 9643702 24151714
425 222 1826950 11185791
382 668 5822573 64598715
753 440 8897378 97876076
51 963 1544261 77305085
136 861 6526647 57925119
253 235 8230881 22044826
769 35 1450577 80832087
56 211 8156389 58166606
41 128 8115412 30263964
386 395 8784938 90348958
256 683 5618479 1306725
577 522 3883270 56167711
679 921 6830498 85738066
977 540 1733845 22058265
10 637 1619452 54159294
671 111 3167415 90889463
565 340 3047659 33956779
215 655 3506670 85977990
405 915 8476134 45877762
661 406 5146663 92870413
59 601 9443897 1086625
403 944 3564981 2025516
667 883 267820 94323872
713 888 4022116 89346594
396 198 2758552 40358939
720 492 4828986 44458363
432 872 8550851 18650360
470 75 9768205 4211115
828 900 4726763 58792270
219 435 6232274 94074536
871 832 5943702 69012042
753 121 9691816 82691351
131 343 4691748 77787878
198 70 5946675 62519412
